%Theta=
13.28208, 43.13945, 5.27055

%CRAIG:
1.000000 0.000000 0.000000
0.000000 1.000000 0.000000
0.000000 0.000000 1.000000

%Rot : m_euler_XYZ: det : 1.000
0.726607 -0.067029 0.683776
0.245832 0.954705 -0.167643
-0.641568 0.289905 0.710173

%Rot : m_euler_XY: det : 1.000
0.729692 0.000000 0.683776
0.157094 0.973251 -0.167643
-0.665486 0.229745 0.710173

%Rot : m_euler_ZYX: det : 1.000
0.726607 0.067029 0.683776
0.067029 0.983566 -0.167643
-0.683776 0.167643 0.710173
