-0.001257	0.000000	0.999999	-0.125664	-0.000000	-1.000000	0.000000	-0.000000	0.999999	0.000000	0.001257	99.999921	0.000000	0.000000	0.000000	1.000000
-0.002493	0.125333	0.992112	-0.249345	-0.000315	-0.992115	0.125333	-0.031500	0.999997	0.000000	0.002513	99.999684	0.000000	0.000000	0.000000	1.000000
-0.003651	0.248690	0.968576	-0.365146	-0.000938	-0.968583	0.248688	-0.093754	0.999993	-0.000000	0.003770	99.999289	0.000000	0.000000	0.000000	1.000000
-0.004674	0.368125	0.929765	-0.467355	-0.001850	-0.929776	0.368120	-0.185039	0.999987	0.000000	0.005027	99.998737	0.000000	0.000000	0.000000	1.000000
-0.005506	0.481754	0.876289	-0.550596	-0.003027	-0.876307	0.481744	-0.302693	0.999980	0.000000	0.006283	99.998026	0.000000	0.000000	0.000000	1.000000
-0.006100	0.587785	0.808994	-0.609979	-0.004432	-0.809017	0.587769	-0.443175	0.999972	-0.000000	0.007540	99.997158	0.000000	0.000000	0.000000	1.000000
-0.006412	0.684547	0.728940	-0.641226	-0.006022	-0.728969	0.684521	-0.602151	0.999961	0.000000	0.008796	99.996131	0.000000	0.000000	0.000000	1.000000
-0.006408	0.770513	0.637392	-0.640798	-0.007746	-0.637424	0.770474	-0.774591	0.999949	0.000000	0.010053	99.994947	0.000000	0.000000	0.000000	1.000000
-0.006060	0.844328	0.535793	-0.605993	-0.009549	-0.535827	0.844274	-0.954892	0.999936	0.000000	0.011309	99.993605	0.000000	0.000000	0.000000	1.000000
-0.005350	0.904827	0.425746	-0.535036	-0.011370	-0.425779	0.904756	-1.137009	0.999921	-0.000000	0.012566	99.992104	0.000000	0.000000	0.000000	1.000000
-0.004271	0.951057	0.308987	-0.427141	-0.013146	-0.309017	0.950966	-1.314604	0.999904	0.000000	0.013823	99.990446	0.000000	0.000000	0.000000	1.000000
-0.002826	0.982287	0.187360	-0.282554	-0.014812	-0.187381	0.982176	-1.481198	0.999886	0.000000	0.015079	99.988630	0.000000	0.000000	0.000000	1.000000
-0.001026	0.998027	0.062782	-0.102572	-0.016303	-0.062791	0.997894	-1.630332	0.999867	0.000000	0.016336	99.986657	0.000000	0.000000	0.000000	1.000000
0.001105	0.998027	-0.062781	0.110461	-0.017557	0.062791	0.997872	-1.755730	0.999845	-0.000000	0.017592	99.984525	0.000000	0.000000	0.000000	1.000000
0.003532	0.982287	-0.187348	0.353185	-0.018515	0.187381	0.982113	-1.851458	0.999822	0.000000	0.018848	99.982235	0.000000	0.000000	0.000000	1.000000
0.006213	0.951057	-0.308955	0.621274	-0.019121	0.309017	0.950864	-1.912084	0.999798	0.000000	0.020105	99.979788	0.000000	0.000000	0.000000	1.000000
0.009095	0.904827	-0.425682	0.909516	-0.019328	0.425779	0.904621	-1.932820	0.999772	0.000000	0.021361	99.977182	0.000000	0.000000	0.000000	1.000000
0.012119	0.844328	-0.535690	1.211908	-0.019097	0.535827	0.844112	-1.909662	0.999744	-0.000000	0.022618	99.974419	0.000000	0.000000	0.000000	1.000000
0.015218	0.770513	-0.637242	1.521776	-0.018395	0.637424	0.770294	-1.839511	0.999715	0.000000	0.023874	99.971498	0.000000	0.000000	0.000000	1.000000
0.018319	0.684547	-0.728738	1.831905	-0.017203	0.728969	0.684331	-1.720273	0.999684	0.000000	0.025130	99.968419	0.000000	0.000000	0.000000	1.000000
0.021347	0.587785	-0.808735	2.134698	-0.015509	0.809017	0.587581	-1.550949	0.999652	0.000000	0.026386	99.965182	0.000000	0.000000	0.000000	1.000000
0.024223	0.481754	-0.875972	2.422330	-0.013317	0.876307	0.481570	-1.331687	0.999618	0.000000	0.027642	99.961787	0.000000	0.000000	0.000000	1.000000
0.026869	0.368125	-0.929388	2.686927	-0.010638	0.929776	0.367971	-1.063829	0.999582	0.000000	0.028899	99.958235	0.000000	0.000000	0.000000	1.000000
0.029207	0.248690	-0.968143	2.920735	-0.007499	0.968583	0.248577	-0.749917	0.999545	0.000000	0.030155	99.954524	0.000000	0.000000	0.000000	1.000000
0.031163	0.125333	-0.991625	3.116308	-0.003937	0.992115	0.125271	-0.393681	0.999507	0.000000	0.031411	99.950656	0.000000	0.000000	0.000000	1.000000
0.032667	-0.000000	-0.999466	3.266675	0.000000	1.000000	-0.000000	0.000000	0.999466	0.000000	0.032667	99.946630	0.000000	0.000000	0.000000	1.000000
0.033655	-0.125333	-0.991544	3.365520	0.004252	0.992115	-0.125261	0.425164	0.999424	-0.000000	0.033923	99.942446	0.000000	0.000000	0.000000	1.000000
0.034073	-0.248690	-0.967984	3.407338	0.008749	0.968583	-0.248536	0.874856	0.999381	0.000000	0.035179	99.938104	0.000000	0.000000	0.000000	1.000000
0.033876	-0.368125	-0.929159	3.387586	0.013412	0.929776	-0.367880	1.341240	0.999336	0.000000	0.036434	99.933605	0.000000	0.000000	0.000000	1.000000
0.033028	-0.481754	-0.875684	3.302816	0.018157	0.876307	-0.481411	1.815738	0.999289	-0.000000	0.037690	99.928947	0.000000	0.000000	0.000000	1.000000
0.031508	-0.587785	-0.808403	3.150789	0.022892	0.809017	-0.587339	2.289182	0.999241	-0.000000	0.038946	99.924132	0.000000	0.000000	0.000000	1.000000
0.029306	-0.684547	-0.728379	2.930567	0.027520	0.728969	-0.683994	2.751985	0.999192	0.000000	0.040202	99.919159	0.000000	0.000000	0.000000	1.000000
0.026426	-0.770513	-0.636876	2.642577	0.031943	0.637424	-0.769851	3.194327	0.999140	0.000000	0.041457	99.914028	0.000000	0.000000	0.000000	1.000000
0.022887	-0.844328	-0.535338	2.288659	0.036063	0.535827	-0.843557	3.606349	0.999087	-0.000000	0.042713	99.908740	0.000000	0.000000	0.000000	1.000000
0.018721	-0.904827	-0.425368	1.872071	0.039784	0.425779	-0.903952	3.978354	0.999033	-0.000000	0.043968	99.903293	0.000000	0.000000	0.000000	1.000000
0.013975	-0.951057	-0.308701	1.397483	0.043010	0.309017	-0.950083	4.301011	0.998977	0.000000	0.045224	99.897689	0.000000	0.000000	0.000000	1.000000
0.008709	-0.982287	-0.187179	0.870926	0.045656	0.187381	-0.981226	4.565555	0.998919	0.000000	0.046479	99.891928	0.000000	0.000000	0.000000	1.000000
0.002997	-0.998027	-0.062719	0.299725	0.047640	0.062791	-0.996889	4.763987	0.998860	0.000000	0.047734	99.886008	0.000000	0.000000	0.000000	1.000000
-0.003076	-0.998027	0.062715	-0.307606	0.048893	-0.062791	-0.996828	4.889256	0.998799	0.000000	0.048989	99.879931	0.000000	0.000000	0.000000	1.000000
-0.009415	-0.982287	0.187145	-0.941485	0.049354	-0.187381	-0.981047	4.935435	0.998737	0.000000	0.050244	99.873696	0.000000	0.000000	0.000000	1.000000
-0.015914	-0.951057	0.308607	-1.591417	0.048979	-0.309017	-0.949794	4.897877	0.998673	-0.000000	0.051499	99.867303	0.000000	0.000000	0.000000	1.000000
-0.022462	-0.904827	0.425186	-2.246167	0.047733	-0.425779	-0.903567	4.773348	0.998608	0.000000	0.052754	99.860752	0.000000	0.000000	0.000000	1.000000
-0.028940	-0.844328	0.535045	-2.893952	0.045601	-0.535827	-0.843096	4.560139	0.998540	-0.000000	0.054009	99.854044	0.000000	0.000000	0.000000	1.000000
-0.035227	-0.770513	0.636450	-3.522651	0.042582	-0.637424	-0.769336	4.258154	0.998472	0.000000	0.055264	99.847179	0.000000	0.000000	0.000000	1.000000
-0.041200	-0.684547	0.727803	-4.120024	0.038690	-0.728969	-0.683453	3.868960	0.998402	0.000000	0.056519	99.840155	0.000000	0.000000	0.000000	1.000000
-0.046739	-0.587785	0.807666	-4.673943	0.033958	-0.809017	-0.586803	3.395819	0.998330	0.000000	0.057773	99.832974	0.000000	0.000000	0.000000	1.000000
-0.051726	-0.481754	0.874779	-5.172629	0.028437	-0.876307	-0.480914	2.843677	0.998256	-0.000000	0.059028	99.825635	0.000000	0.000000	0.000000	1.000000
-0.056049	-0.368125	0.928086	-5.604879	0.022191	-0.929776	-0.367455	2.219129	0.998181	-0.000000	0.060282	99.818139	0.000000	0.000000	0.000000	1.000000
-0.059603	-0.248690	0.966748	-5.960304	0.015303	-0.968583	-0.248219	1.530346	0.998105	-0.000000	0.061536	99.810485	0.000000	0.000000	0.000000	1.000000
-0.062295	-0.125333	0.990157	-6.229540	0.007870	-0.992115	-0.125086	0.786974	0.998027	0.000000	0.062791	99.802673	0.000000	0.000000	0.000000	1.000000
-0.064045	0.000000	0.997947	-6.404463	-0.000000	-1.000000	0.000000	-0.000000	0.997947	0.000000	0.064045	99.794704	0.000000	0.000000	0.000000	1.000000
-0.064784	0.125333	0.989997	-6.478373	-0.008184	-0.992115	0.125066	-0.818409	0.997866	0.000000	0.065299	99.786577	0.000000	0.000000	0.000000	1.000000
-0.064462	0.248690	0.966436	-6.446167	-0.016551	-0.968583	0.248139	-1.655094	0.997783	-0.000000	0.066553	99.778292	0.000000	0.000000	0.000000	1.000000
-0.063045	0.368125	0.927637	-6.304474	-0.024961	-0.929776	0.367277	-2.496118	0.997699	0.000000	0.067806	99.769850	0.000000	0.000000	0.000000	1.000000
-0.060518	0.481754	0.874215	-6.051776	-0.033270	-0.876307	0.480603	-3.326992	0.997613	-0.000000	0.069060	99.761251	0.000000	0.000000	0.000000	1.000000
-0.056885	0.587785	0.807015	-5.688490	-0.041329	-0.809017	0.586330	-4.132930	0.997525	0.000000	0.070314	99.752494	0.000000	0.000000	0.000000	1.000000
-0.052170	0.684547	0.727099	-5.217016	-0.048991	-0.728969	0.682792	-4.899104	0.997436	-0.000000	0.071567	99.743579	0.000000	0.000000	0.000000	1.000000
-0.046417	0.770513	0.635732	-4.641749	-0.056109	-0.637424	0.768468	-5.610911	0.997345	0.000000	0.072820	99.734507	0.000000	0.000000	0.000000	1.000000
-0.039691	0.844328	0.534355	-3.969066	-0.062542	-0.535827	0.842008	-6.254248	0.997253	0.000000	0.074074	99.725277	0.000000	0.000000	0.000000	1.000000
-0.032073	0.904827	0.424570	-3.207259	-0.068158	-0.425779	0.902256	-6.815773	0.997159	0.000000	0.075327	99.715890	0.000000	0.000000	0.000000	1.000000
-0.023664	0.951057	0.308110	-2.366446	-0.072832	-0.309017	0.948264	-7.283173	0.997063	0.000000	0.076580	99.706345	0.000000	0.000000	0.000000	1.000000
-0.014584	0.982287	0.186813	-1.458439	-0.076454	-0.187381	0.979307	-7.645407	0.996966	-0.000000	0.077833	99.696643	0.000000	0.000000	0.000000	1.000000
-0.004966	0.998027	0.062594	-0.496582	-0.078929	-0.062791	0.994901	-7.892940	0.996868	0.000000	0.079085	99.686784	0.000000	0.000000	0.000000	1.000000
0.005044	0.998027	-0.062588	0.504447	-0.080180	0.062791	0.994801	-8.017957	0.996768	0.000000	0.080338	99.676767	0.000000	0.000000	0.000000	1.000000
0.015289	0.982287	-0.186757	1.528856	-0.080145	0.187381	0.979012	-8.014542	0.996666	0.000000	0.081591	99.666593	0.000000	0.000000	0.000000	1.000000
0.025600	0.951057	-0.307955	2.559989	-0.078788	0.309017	0.947787	-7.878837	0.996563	0.000000	0.082843	99.656261	0.000000	0.000000	0.000000	1.000000
0.035806	0.904827	-0.424271	3.580601	-0.076092	0.425779	0.901622	-7.609165	0.996458	0.000000	0.084095	99.645772	0.000000	0.000000	0.000000	1.000000
0.045731	0.844328	-0.533872	4.573140	-0.072061	0.535827	0.841247	-7.206116	0.996351	0.000000	0.085347	99.635126	0.000000	0.000000	0.000000	1.000000
0.055201	0.770513	-0.635029	5.520050	-0.066726	0.637424	0.767619	-6.672595	0.996243	0.000000	0.086599	99.624322	0.000000	0.000000	0.000000	1.000000
0.064041	0.684547	-0.726150	6.404077	-0.060138	0.728969	0.681900	-6.013828	0.996134	-0.000000	0.087851	99.613361	0.000000	0.000000	0.000000	1.000000
0.072086	0.587785	-0.805799	7.208576	-0.052373	0.809017	0.585447	-5.237337	0.996022	0.000000	0.089103	99.602243	0.000000	0.000000	0.000000	1.000000
0.079178	0.481754	-0.872722	7.917823	-0.043529	0.876307	0.479783	-4.352860	0.995910	-0.000000	0.090354	99.590967	0.000000	0.000000	0.000000	1.000000
0.085173	0.368125	-0.925867	8.517301	-0.033722	0.929776	0.366577	-3.372238	0.995795	0.000000	0.091606	99.579534	0.000000	0.000000	0.000000	1.000000
0.089940	0.248690	-0.964398	8.993990	-0.023093	0.968583	0.247615	-2.309264	0.995679	0.000000	0.092857	99.567944	0.000000	0.000000	0.000000	1.000000
0.093366	0.125333	-0.987712	9.336624	-0.011795	0.992115	0.124777	-1.179490	0.995562	-0.000000	0.094108	99.556196	0.000000	0.000000	0.000000	1.000000
0.095359	-0.000000	-0.995443	9.535930	0.000000	1.000000	-0.000000	0.000000	0.995443	0.000000	0.095359	99.544292	0.000000	0.000000	0.000000	1.000000
0.095848	-0.125333	-0.987474	9.584833	0.012108	0.992115	-0.124747	1.210846	0.995322	0.000000	0.096610	99.532230	0.000000	0.000000	0.000000	1.000000
0.094786	-0.248690	-0.963934	9.478634	0.024337	0.968583	-0.247496	2.433700	0.995200	0.000000	0.097861	99.520011	0.000000	0.000000	0.000000	1.000000
0.092151	-0.368125	-0.925199	9.215140	0.036485	0.929776	-0.366312	3.648532	0.995076	0.000000	0.099111	99.507635	0.000000	0.000000	0.000000	1.000000
0.087948	-0.481754	-0.871882	8.794764	0.048350	0.876307	-0.479321	4.834962	0.994951	0.000000	0.100362	99.495102	0.000000	0.000000	0.000000	1.000000
0.082206	-0.587785	-0.804830	8.220578	0.059726	0.809017	-0.584743	5.972599	0.994824	0.000000	0.101612	99.482411	0.000000	0.000000	0.000000	1.000000
0.074983	-0.684547	-0.725102	7.498316	0.070414	0.728969	-0.680916	7.041387	0.994696	0.000000	0.102862	99.469564	0.000000	0.000000	0.000000	1.000000
0.066363	-0.770513	-0.633960	6.636340	0.080220	0.637424	-0.766326	8.021957	0.994566	-0.000000	0.104112	99.456559	0.000000	0.000000	0.000000	1.000000
0.056456	-0.844328	-0.532844	5.645557	0.088960	0.535827	-0.839628	8.895974	0.994434	-0.000000	0.105362	99.443398	0.000000	0.000000	0.000000	1.000000
0.045393	-0.904827	-0.423353	4.539282	0.096465	0.425779	-0.899670	9.646466	0.994301	-0.000000	0.106611	99.430079	0.000000	0.000000	0.000000	1.000000
0.033331	-0.951057	-0.307214	3.333074	0.102581	0.309017	-0.945508	10.258147	0.994166	-0.000000	0.107861	99.416603	0.000000	0.000000	0.000000	1.000000
0.020445	-0.982287	-0.186263	2.044513	0.107177	0.187381	-0.976423	10.717713	0.994030	-0.000000	0.109110	99.402971	0.000000	0.000000	0.000000	1.000000
0.006929	-0.998027	-0.062407	0.692949	0.110141	0.062791	-0.991931	11.014105	0.993892	0.000000	0.110359	99.389181	0.000000	0.000000	0.000000	1.000000
-0.007008	-0.998027	0.062398	-0.700790	0.111387	-0.062791	-0.991791	11.138746	0.993752	0.000000	0.111608	99.375235	0.000000	0.000000	0.000000	1.000000
-0.021147	-0.982287	0.186184	-2.114718	0.110857	-0.187381	-0.976012	11.085739	0.993611	-0.000000	0.112856	99.361131	0.000000	0.000000	0.000000	1.000000
-0.035260	-0.951057	0.306999	-3.526035	0.108520	-0.309017	-0.944845	10.852021	0.993469	0.000000	0.114105	99.346871	0.000000	0.000000	0.000000	1.000000
-0.049115	-0.904827	0.422937	-4.911502	0.104375	-0.425779	-0.898787	10.437474	0.993325	-0.000000	0.115353	99.332453	0.000000	0.000000	0.000000	1.000000
-0.062478	-0.844328	0.532172	-6.247815	0.098450	-0.535827	-0.838569	9.844982	0.993179	0.000000	0.116601	99.317879	0.000000	0.000000	0.000000	1.000000
-0.075120	-0.770513	0.632982	-7.512002	0.090805	-0.637424	-0.765144	9.080450	0.993031	-0.000000	0.117849	99.303148	0.000000	0.000000	0.000000	1.000000
-0.086818	-0.684547	0.723780	-8.681809	0.081528	-0.728969	-0.679675	8.152762	0.992883	0.000000	0.119097	99.288260	0.000000	0.000000	0.000000	1.000000
-0.097361	-0.587785	0.803137	-9.736096	0.070737	-0.809017	-0.583513	7.073687	0.992732	0.000000	0.120345	99.273216	0.000000	0.000000	0.000000	1.000000
-0.106552	-0.481754	0.869805	-10.655203	0.058577	-0.876307	-0.478179	5.857747	0.992580	0.000000	0.121592	99.258015	0.000000	0.000000	0.000000	1.000000
-0.114213	-0.368125	0.922735	-11.421317	0.045220	-0.929776	-0.365337	4.522019	0.992427	0.000000	0.122839	99.242656	0.000000	0.000000	0.000000	1.000000
-0.120188	-0.248690	0.961097	-12.018800	0.030859	-0.968583	-0.246768	3.085903	0.992271	0.000000	0.124086	99.227142	0.000000	0.000000	0.000000	1.000000
-0.124345	-0.125333	0.984292	-12.434494	0.015708	-0.992115	-0.124345	1.570842	0.992115	-0.000000	0.125333	99.211470	0.000000	0.000000	0.000000	1.000000
-0.126580	0.000000	0.991956	-12.657986	-0.000000	-1.000000	0.000000	-0.000000	0.991956	0.000000	0.126580	99.195642	0.000000	0.000000	0.000000	1.000000
-0.126818	0.125333	0.983976	-12.681834	-0.016021	-0.992115	0.124305	-1.602088	0.991797	0.000000	0.127826	99.179657	0.000000	0.000000	0.000000	1.000000
-0.125017	0.248690	0.960481	-12.501747	-0.032099	-0.968583	0.246610	-3.209903	0.991635	0.000000	0.129073	99.163516	0.000000	0.000000	0.000000	1.000000
-0.121167	0.368125	0.921848	-12.116712	-0.047973	-0.929776	0.364985	-4.797345	0.991472	0.000000	0.130319	99.147218	0.000000	0.000000	0.000000	1.000000
-0.115291	0.481754	0.868689	-11.529073	-0.063382	-0.876307	0.477566	-6.338161	0.991308	0.000000	0.131564	99.130763	0.000000	0.000000	0.000000	1.000000
-0.107446	0.587785	0.801850	-10.744552	-0.078064	-0.809017	0.582578	-7.806374	0.991142	0.000000	0.132810	99.114152	0.000000	0.000000	0.000000	1.000000
-0.097722	0.684547	0.722389	-9.772216	-0.091767	-0.728969	0.678368	-9.176721	0.990974	0.000000	0.134055	99.097384	0.000000	0.000000	0.000000	1.000000
-0.086244	0.770513	0.631563	-8.624382	-0.104251	-0.637424	0.763428	-10.425087	0.990805	0.000000	0.135301	99.080460	0.000000	0.000000	0.000000	1.000000
-0.073165	0.844328	0.530808	-7.316475	-0.115289	-0.535827	0.836420	-11.528921	0.990634	-0.000000	0.136546	99.063380	0.000000	0.000000	0.000000	1.000000
-0.058668	0.904827	0.421718	-5.866825	-0.124676	-0.425779	0.896196	-12.467638	0.990461	-0.000000	0.137790	99.046143	0.000000	0.000000	0.000000	1.000000
-0.042964	0.951057	0.306016	-4.296413	-0.132230	-0.309017	0.941819	-13.222998	0.990287	-0.000000	0.139035	99.028749	0.000000	0.000000	0.000000	1.000000
-0.026286	0.982287	0.185528	-2.628569	-0.137794	-0.187381	0.972574	-13.779442	0.990112	0.000000	0.140279	99.011199	0.000000	0.000000	0.000000	1.000000
-0.008886	0.998027	0.062159	-0.888632	-0.141244	-0.062791	0.987982	-14.124399	0.989935	-0.000000	0.141523	98.993493	0.000000	0.000000	0.000000	1.000000
0.008964	0.998027	-0.062147	0.896442	-0.142485	0.062791	0.987803	-14.248541	0.989756	0.000000	0.142767	98.975631	0.000000	0.000000	0.000000	1.000000
0.026985	0.982287	-0.185428	2.698493	-0.141460	0.187381	0.972048	-14.145996	0.989576	0.000000	0.144011	98.957612	0.000000	0.000000	0.000000	1.000000
0.044886	0.951057	-0.305740	4.488602	-0.138145	0.309017	0.940970	-13.814496	0.989394	-0.000000	0.145254	98.939437	0.000000	0.000000	0.000000	1.000000
0.062376	0.904827	-0.421186	6.237556	-0.132555	0.425779	0.895065	-13.255481	0.989211	-0.000000	0.146497	98.921106	0.000000	0.000000	0.000000	1.000000
0.079163	0.844328	-0.529947	7.916325	-0.124741	0.535827	0.835062	-12.474132	0.989026	0.000000	0.147740	98.902618	0.000000	0.000000	0.000000	1.000000
0.094965	0.770513	-0.630310	9.496540	-0.114793	0.637424	0.761914	-11.479345	0.988840	-0.000000	0.148983	98.883974	0.000000	0.000000	0.000000	1.000000
0.109510	0.684547	-0.720696	10.950974	-0.102836	0.728969	0.676779	-10.283649	0.988652	0.000000	0.150226	98.865174	0.000000	0.000000	0.000000	1.000000
0.122540	0.587785	-0.799683	12.254006	-0.089031	0.809017	0.581003	-8.903057	0.988462	-0.000000	0.151468	98.846219	0.000000	0.000000	0.000000	1.000000
0.133821	0.481754	-0.866029	13.382067	-0.073569	0.876307	0.476103	-7.356854	0.988271	0.000000	0.152710	98.827106	0.000000	0.000000	0.000000	1.000000
0.143141	0.368125	-0.918692	14.314062	-0.056673	0.929776	0.363736	-5.667338	0.988078	0.000000	0.153952	98.807838	0.000000	0.000000	0.000000	1.000000
0.150317	0.248690	-0.956848	15.031750	-0.038595	0.968583	0.245677	-3.859497	0.987884	0.000000	0.155193	98.788414	0.000000	0.000000	0.000000	1.000000
0.155201	0.125333	-0.979900	15.520093	-0.019606	0.992115	0.123790	-1.960644	0.987688	0.000000	0.156434	98.768834	0.000000	0.000000	0.000000	1.000000
0.157676	-0.000000	-0.987491	15.767551	0.000000	1.000000	-0.000000	0.000000	0.987491	0.000000	0.157676	98.749098	0.000000	0.000000	0.000000	1.000000
0.157663	-0.125333	-0.979507	15.766320	0.019917	0.992115	-0.123741	1.991749	0.987292	0.000000	0.158916	98.729206	0.000000	0.000000	0.000000	1.000000
0.155125	-0.248690	-0.956080	15.512522	0.039829	0.968583	-0.245480	3.982939	0.987092	-0.000000	0.160157	98.709158	0.000000	0.000000	0.000000	1.000000
0.150063	-0.368125	-0.917587	15.006326	0.059414	0.929776	-0.363298	5.941425	0.986890	0.000000	0.161397	98.688954	0.000000	0.000000	0.000000	1.000000
0.142520	-0.481754	-0.864639	14.252003	0.078351	0.876307	-0.475340	7.835105	0.986686	0.000000	0.162637	98.668594	0.000000	0.000000	0.000000	1.000000
0.132579	-0.587785	-0.798080	13.257923	0.096324	0.809017	-0.579839	9.632445	0.986481	0.000000	0.163877	98.648079	0.000000	0.000000	0.000000	1.000000
0.120365	-0.684547	-0.718963	12.036472	0.113030	0.728969	-0.675151	11.303000	0.986274	-0.000000	0.165116	98.627408	0.000000	0.000000	0.000000	1.000000
0.106039	-0.770513	-0.628542	10.603913	0.128179	0.637424	-0.759777	12.817928	0.986066	-0.000000	0.166356	98.606581	0.000000	0.000000	0.000000	1.000000
0.089802	-0.844328	-0.528248	8.980174	0.141505	0.535827	-0.832386	14.150490	0.985856	0.000000	0.167595	98.585598	0.000000	0.000000	0.000000	1.000000
0.071886	-0.904827	-0.419667	7.188578	0.152765	0.425779	-0.891838	15.276507	0.985645	0.000000	0.168833	98.564460	0.000000	0.000000	0.000000	1.000000
0.052555	-0.951057	-0.304515	5.255511	0.161748	0.309017	-0.937201	16.174800	0.985432	0.000000	0.170072	98.543165	0.000000	0.000000	0.000000	1.000000
0.032100	-0.982287	-0.184611	3.210031	0.168276	0.187381	-0.967766	16.827573	0.985217	0.000000	0.171310	98.521716	0.000000	0.000000	0.000000	1.000000
0.010834	-0.998027	-0.061849	1.083438	0.172208	0.062791	-0.983057	17.220754	0.985001	-0.000000	0.172548	98.500111	0.000000	0.000000	0.000000	1.000000
-0.010912	-0.998027	0.061835	-1.091209	0.173443	-0.062791	-0.982840	17.344275	0.984783	0.000000	0.173786	98.478350	0.000000	0.000000	0.000000	1.000000
-0.032796	-0.982287	0.184489	-3.279605	0.171923	-0.187381	-0.967125	17.192292	0.984564	0.000000	0.175023	98.456433	0.000000	0.000000	0.000000	1.000000
-0.054467	-0.951057	0.304179	-5.446739	0.167633	-0.309017	-0.936166	16.763337	0.984344	0.000000	0.176260	98.434362	0.000000	0.000000	0.000000	1.000000
-0.075575	-0.904827	0.419018	-7.557454	0.160604	-0.425779	-0.890460	16.060407	0.984121	0.000000	0.177497	98.412134	0.000000	0.000000	0.000000	1.000000
-0.095770	-0.844328	0.527199	-9.577021	0.150910	-0.535827	-0.830732	15.090971	0.983898	0.000000	0.178734	98.389752	0.000000	0.000000	0.000000	1.000000
-0.114717	-0.770513	0.627016	-11.471706	0.138669	-0.637424	-0.757932	13.866910	0.983672	-0.000000	0.179970	98.367214	0.000000	0.000000	0.000000	1.000000
-0.132093	-0.684547	0.716901	-13.209332	0.124044	-0.728969	-0.673215	12.404388	0.983445	0.000000	0.181206	98.344520	0.000000	0.000000	0.000000	1.000000
-0.147598	-0.587785	0.795439	-14.759824	0.107236	-0.809017	-0.577920	10.723640	0.983217	0.000000	0.182441	98.321672	0.000000	0.000000	0.000000	1.000000
-0.160957	-0.481754	0.861398	-16.095726	0.088487	-0.876307	-0.473557	8.848700	0.982987	0.000000	0.183677	98.298668	0.000000	0.000000	0.000000	1.000000
-0.171927	-0.368125	0.913743	-17.192680	0.068071	-0.929776	-0.361776	6.807064	0.982755	0.000000	0.184912	98.275509	0.000000	0.000000	0.000000	1.000000
-0.180299	-0.248690	0.951654	-18.029864	0.046293	-0.968583	-0.244343	4.629282	0.982522	0.000000	0.186147	98.252195	0.000000	0.000000	0.000000	1.000000
-0.185904	-0.125333	0.974542	-18.590376	0.023485	-0.992115	-0.123113	2.348511	0.982287	0.000000	0.187381	98.228725	0.000000	0.000000	0.000000	1.000000
-0.188616	0.000000	0.982051	-18.861554	-0.000000	-1.000000	0.000000	-0.000000	0.982051	0.000000	0.188616	98.205100	0.000000	0.000000	0.000000	1.000000
-0.188352	0.125333	0.974071	-18.835246	-0.023794	-0.992115	0.123054	-2.379445	0.981813	0.000000	0.189849	98.181321	0.000000	0.000000	0.000000	1.000000
-0.185080	0.248690	0.950736	-18.507988	-0.047520	-0.968583	0.244107	-4.752044	0.981574	0.000000	0.191083	98.157386	0.000000	0.000000	0.000000	1.000000
-0.178811	0.368125	0.912420	-17.881130	-0.070796	-0.929776	0.361253	-7.079640	0.981333	0.000000	0.192316	98.133296	0.000000	0.000000	0.000000	1.000000
-0.169609	0.481754	0.859736	-16.960869	-0.093243	-0.876307	0.472644	-9.324317	0.981091	-0.000000	0.193549	98.109052	0.000000	0.000000	0.000000	1.000000
-0.157582	0.587785	0.793522	-15.758210	-0.114490	-0.809017	0.576527	-11.449010	0.980847	0.000000	0.194782	98.084652	0.000000	0.000000	0.000000	1.000000
-0.142888	0.684547	0.714827	-14.288850	-0.134181	-0.728969	0.671268	-13.418123	0.980601	-0.000000	0.196015	98.060098	0.000000	0.000000	0.000000	1.000000
-0.125730	0.770513	0.624901	-12.572978	-0.151981	-0.637424	0.755376	-15.198120	0.980354	0.000000	0.197247	98.035388	0.000000	0.000000	0.000000	1.000000
-0.106350	0.844328	0.525167	-10.635010	-0.167581	-0.535827	0.827530	-16.758094	0.980105	-0.000000	0.198479	98.010524	0.000000	0.000000	0.000000	1.000000
-0.085032	0.904827	0.417202	-8.503237	-0.180703	-0.425779	0.886599	-18.070299	0.979855	-0.000000	0.199710	97.985505	0.000000	0.000000	0.000000	1.000000
-0.062094	0.951057	0.302714	-6.209423	-0.191106	-0.309017	0.931658	-19.110639	0.979603	0.000000	0.200941	97.960332	0.000000	0.000000	0.000000	1.000000
-0.037883	0.982287	0.183512	-3.788325	-0.198591	-0.187381	0.962003	-19.859097	0.979350	0.000000	0.202172	97.935003	0.000000	0.000000	0.000000	1.000000
-0.012772	0.998027	0.061478	-1.277175	-0.203001	-0.062791	0.977163	-20.300115	0.979095	-0.000000	0.203403	97.909520	0.000000	0.000000	0.000000	1.000000
0.012849	0.998027	-0.061462	1.284900	-0.204229	0.062791	0.976907	-20.422893	0.978839	0.000000	0.204633	97.883883	0.000000	0.000000	0.000000	1.000000
0.038575	0.982287	-0.183368	3.857481	-0.202216	0.187381	0.961248	-20.221622	0.978581	-0.000000	0.205863	97.858090	0.000000	0.000000	0.000000	1.000000
0.063995	0.951057	-0.302318	6.399500	-0.196956	0.309017	0.930439	-19.695635	0.978321	0.000000	0.207092	97.832144	0.000000	0.000000	0.000000	1.000000
0.088699	0.904827	-0.416438	8.869894	-0.188495	0.425779	0.884976	-18.849484	0.978060	0.000000	0.208321	97.806043	0.000000	0.000000	0.000000	1.000000
0.112283	0.844328	-0.523930	11.228267	-0.176929	0.535827	0.825582	-17.692917	0.977798	0.000000	0.209550	97.779787	0.000000	0.000000	0.000000	1.000000
0.134356	0.770513	-0.623103	13.435551	-0.162408	0.637424	0.753203	-16.240791	0.977534	-0.000000	0.210779	97.753377	0.000000	0.000000	0.000000	1.000000
0.154547	0.684547	-0.712398	15.454653	-0.145129	0.728969	0.668986	-14.512885	0.977268	0.000000	0.212007	97.726812	0.000000	0.000000	0.000000	1.000000
0.172511	0.587785	-0.790410	17.251075	-0.125336	0.809017	0.574267	-12.533640	0.977001	0.000000	0.213235	97.700094	0.000000	0.000000	0.000000	1.000000
0.187935	0.481754	-0.855917	18.793499	-0.103318	0.876307	0.470544	-10.331814	0.976732	-0.000000	0.214463	97.673221	0.000000	0.000000	0.000000	1.000000
0.200543	0.368125	-0.907891	20.054331	-0.079401	0.929776	0.359460	-7.940071	0.976462	0.000000	0.215690	97.646193	0.000000	0.000000	0.000000	1.000000
0.210102	0.248690	-0.945521	21.010186	-0.053945	0.968583	0.242769	-5.394499	0.976190	-0.000000	0.216917	97.619012	0.000000	0.000000	0.000000	1.000000
0.216423	0.125333	-0.968221	21.642312	-0.027341	0.992115	0.122315	-2.734060	0.975917	0.000000	0.218143	97.591676	0.000000	0.000000	0.000000	1.000000
0.219369	-0.000000	-0.975642	21.936944	0.000000	1.000000	-0.000000	0.000000	0.975642	0.000000	0.219369	97.564186	0.000000	0.000000	0.000000	1.000000
0.218856	-0.125333	-0.967674	21.885584	0.027648	0.992115	-0.122246	2.764792	0.975365	0.000000	0.220595	97.536543	0.000000	0.000000	0.000000	1.000000
0.214852	-0.248690	-0.944453	21.485189	0.055165	0.968583	-0.242494	5.516459	0.975087	0.000000	0.221821	97.508745	0.000000	0.000000	0.000000	1.000000
0.207383	-0.368125	-0.906353	20.738289	0.082109	0.929776	-0.358851	8.210869	0.974808	0.000000	0.223046	97.480793	0.000000	0.000000	0.000000	1.000000
0.196530	-0.481754	-0.853984	19.652997	0.108043	0.876307	-0.469482	10.804326	0.974527	0.000000	0.224271	97.452687	0.000000	0.000000	0.000000	1.000000
0.182429	-0.587785	-0.788180	18.242946	0.132543	0.809017	-0.572646	13.254276	0.974244	0.000000	0.225495	97.424428	0.000000	0.000000	0.000000	1.000000
0.165271	-0.684547	-0.709986	16.527126	0.155200	0.728969	-0.666722	15.520004	0.973960	0.000000	0.226719	97.396014	0.000000	0.000000	0.000000	1.000000
0.145296	-0.770513	-0.620643	14.529636	0.175633	0.637424	-0.750229	17.563313	0.973674	-0.000000	0.227943	97.367447	0.000000	0.000000	0.000000	1.000000
0.122794	-0.844328	-0.521567	12.279350	0.193492	0.535827	-0.821858	19.349160	0.973387	0.000000	0.229166	97.338726	0.000000	0.000000	0.000000	1.000000
0.098095	-0.904827	-0.414325	9.809505	0.208463	0.425779	-0.880486	20.846259	0.973099	0.000000	0.230389	97.309851	0.000000	0.000000	0.000000	1.000000
0.071572	-0.951057	-0.300614	7.157207	0.220276	0.309017	-0.925196	22.027617	0.972808	-0.000000	0.231612	97.280823	0.000000	0.000000	0.000000	1.000000
0.043629	-0.982287	-0.182231	4.362881	0.228710	0.187381	-0.955290	22.871022	0.972516	0.000000	0.232834	97.251641	0.000000	0.000000	0.000000	1.000000
0.014697	-0.998027	-0.061046	1.469652	0.233594	0.062791	-0.970305	23.359442	0.972223	-0.000000	0.234056	97.222305	0.000000	0.000000	0.000000	1.000000
-0.014773	-0.998027	0.061028	-1.477322	0.234814	-0.062791	-0.970010	23.481356	0.971928	-0.000000	0.235278	97.192816	0.000000	0.000000	0.000000	1.000000
-0.044315	-0.982287	0.182066	-4.431549	0.232310	-0.187381	-0.954421	23.230995	0.971632	0.000000	0.236499	97.163173	0.000000	0.000000	0.000000	1.000000
-0.073459	-0.951057	0.300159	-7.345946	0.226085	-0.309017	-0.923793	22.608496	0.971334	0.000000	0.237720	97.133377	0.000000	0.000000	0.000000	1.000000
-0.101736	-0.904827	0.413446	-10.173580	0.216200	-0.425779	-0.878618	21.619958	0.971034	0.000000	0.238940	97.103428	0.000000	0.000000	0.000000	1.000000
-0.128684	-0.844328	0.520145	-12.868431	0.202774	-0.535827	-0.819617	20.277403	0.970733	0.000000	0.240160	97.073325	0.000000	0.000000	0.000000	1.000000
-0.153861	-0.770513	0.618576	-15.386137	0.185986	-0.637424	-0.747730	18.598644	0.970431	0.000000	0.241380	97.043069	0.000000	0.000000	0.000000	1.000000
-0.176847	-0.684547	0.707192	-17.684723	0.166071	-0.728969	-0.664097	16.607060	0.970127	-0.000000	0.242599	97.012660	0.000000	0.000000	0.000000	1.000000
-0.197253	-0.587785	0.784602	-19.725302	0.143313	-0.809017	-0.570046	14.331270	0.969821	0.000000	0.243818	96.982097	0.000000	0.000000	0.000000	1.000000
-0.214727	-0.481754	0.849591	-21.472726	0.118047	-0.876307	-0.467067	11.804731	0.969514	-0.000000	0.245037	96.951381	0.000000	0.000000	0.000000	1.000000
-0.228962	-0.368125	0.901144	-22.896191	0.090652	-0.929776	-0.356788	9.065243	0.969205	-0.000000	0.246255	96.920513	0.000000	0.000000	0.000000	1.000000
-0.239698	-0.248690	0.938455	-23.969773	0.061544	-0.968583	-0.240954	6.154392	0.968895	0.000000	0.247473	96.889491	0.000000	0.000000	0.000000	1.000000
-0.246729	-0.125333	0.960946	-24.672889	0.031169	-0.992115	-0.121396	3.116911	0.968583	0.000000	0.248690	96.858316	0.000000	0.000000	0.000000	1.000000
-0.249907	0.000000	0.968270	-24.990685	-0.000000	-1.000000	0.000000	-0.000000	0.968270	0.000000	0.249907	96.826988	0.000000	0.000000	0.000000	1.000000
-0.249143	0.125333	0.960322	-24.914323	-0.031474	-0.992115	0.121317	-3.147411	0.967955	0.000000	0.251123	96.795508	0.000000	0.000000	0.000000	1.000000
-0.244412	0.248690	0.937239	-24.441187	-0.062754	-0.968583	0.240642	-6.275430	0.967639	0.000000	0.252340	96.763874	0.000000	0.000000	0.000000	1.000000
-0.235750	0.368125	0.899392	-23.574981	-0.093340	-0.929776	0.356095	-9.333995	0.967321	0.000000	0.253555	96.732088	0.000000	0.000000	0.000000	1.000000
-0.223257	0.481754	0.847390	-22.325729	-0.122737	-0.876307	0.465857	-12.273673	0.967001	0.000000	0.254771	96.700149	0.000000	0.000000	0.000000	1.000000
-0.207097	0.587785	0.782061	-20.709678	-0.150465	-0.809017	0.568201	-15.046462	0.966681	0.000000	0.255986	96.668057	0.000000	0.000000	0.000000	1.000000
-0.187491	0.684547	0.704445	-18.749092	-0.176066	-0.728969	0.661518	-17.606569	0.966358	-0.000000	0.257200	96.635813	0.000000	0.000000	0.000000	1.000000
-0.164720	0.770513	0.615773	-16.471955	-0.199112	-0.637424	0.744342	-19.911173	0.966034	0.000000	0.258414	96.603416	0.000000	0.000000	0.000000	1.000000
-0.139116	0.844328	0.517453	-13.911573	-0.219211	-0.535827	0.815375	-21.921131	0.965709	-0.000000	0.259628	96.570866	0.000000	0.000000	0.000000	1.000000
-0.111061	0.904827	0.411040	-11.106091	-0.236016	-0.425779	0.873503	-23.601645	0.965382	0.000000	0.260842	96.538164	0.000000	0.000000	0.000000	1.000000
-0.080979	0.951057	0.298218	-8.097927	-0.249229	-0.309017	0.917820	-24.922858	0.965053	-0.000000	0.262054	96.505309	0.000000	0.000000	0.000000	1.000000
-0.049331	0.982287	0.180771	-4.933131	-0.258604	-0.187381	0.947635	-25.860377	0.964723	0.000000	0.263267	96.472302	0.000000	0.000000	0.000000	1.000000
-0.016607	0.998027	0.060555	-1.660678	-0.263957	-0.062791	0.962488	-26.395716	0.964391	0.000000	0.264479	96.439143	0.000000	0.000000	0.000000	1.000000
0.016683	0.998027	-0.060534	1.668286	-0.265166	0.062791	0.962156	-26.516645	0.964058	0.000000	0.265691	96.405832	0.000000	0.000000	0.000000	1.000000
0.050012	0.982287	-0.180584	5.001245	-0.262174	0.187381	0.946653	-26.217442	0.963724	0.000000	0.266902	96.372368	0.000000	0.000000	0.000000	1.000000
0.082851	0.951057	-0.297703	8.285142	-0.254990	0.309017	0.916236	-25.499045	0.963388	0.000000	0.268113	96.338752	0.000000	0.000000	0.000000	1.000000
0.114672	0.904827	-0.410047	11.467226	-0.243691	0.425779	0.871394	-24.369096	0.963050	-0.000000	0.269323	96.304984	0.000000	0.000000	0.000000	1.000000
0.144959	0.844328	-0.515846	14.495896	-0.228419	0.535827	0.812843	-22.841877	0.962711	0.000000	0.270533	96.271064	0.000000	0.000000	0.000000	1.000000
0.173215	0.770513	-0.613438	17.321538	-0.209381	0.637424	0.741519	-20.938143	0.962370	0.000000	0.271743	96.236991	0.000000	0.000000	0.000000	1.000000
0.198973	0.684547	-0.701288	19.897340	-0.186848	0.728969	0.658553	-18.684846	0.962028	0.000000	0.272952	96.202767	0.000000	0.000000	0.000000	1.000000
0.221801	0.587785	-0.778019	22.180062	-0.161148	0.809017	0.565264	-16.114758	0.961684	0.000000	0.274161	96.168391	0.000000	0.000000	0.000000	1.000000
0.241308	0.481754	-0.842427	24.130762	-0.132660	0.876307	0.463128	-13.265998	0.961339	-0.000000	0.275369	96.133863	0.000000	0.000000	0.000000	1.000000
0.257155	0.368125	-0.893508	25.715456	-0.101815	0.929776	0.353765	-10.181469	0.960992	0.000000	0.276577	96.099183	0.000000	0.000000	0.000000	1.000000
0.269057	0.248690	-0.930463	26.905705	-0.069082	0.968583	0.238902	-6.908211	0.960644	0.000000	0.277784	96.064352	0.000000	0.000000	0.000000	1.000000
0.276791	0.125333	-0.952721	27.679118	-0.034967	0.992115	0.120357	-3.496686	0.960294	0.000000	0.278991	96.029369	0.000000	0.000000	0.000000	1.000000
0.280198	-0.000000	-0.959942	28.019763	0.000000	1.000000	-0.000000	0.000000	0.959942	0.000000	0.280198	95.994234	0.000000	0.000000	0.000000	1.000000
0.279185	-0.125333	-0.952023	27.918475	0.035269	0.992115	-0.120268	3.526924	0.959589	0.000000	0.281404	95.958947	0.000000	0.000000	0.000000	1.000000
0.273731	-0.248690	-0.929099	27.373064	0.070282	0.968583	-0.238552	7.028208	0.959235	0.000000	0.282609	95.923509	0.000000	0.000000	0.000000	1.000000
0.263884	-0.368125	-0.891543	26.388407	0.104479	0.929776	-0.352987	10.447909	0.958879	0.000000	0.283815	95.887920	0.000000	0.000000	0.000000	1.000000
0.249764	-0.481754	-0.839959	24.976428	0.137309	0.876307	-0.461771	13.730908	0.958522	0.000000	0.285019	95.852179	0.000000	0.000000	0.000000	1.000000
0.231560	-0.587785	-0.775170	23.155972	0.168238	0.809017	-0.563194	16.823798	0.958163	0.000000	0.286224	95.816287	0.000000	0.000000	0.000000	1.000000
0.209526	-0.684547	-0.698208	20.952555	0.196758	0.728969	-0.655661	19.675759	0.957802	0.000000	0.287427	95.780243	0.000000	0.000000	0.000000	1.000000
0.183980	-0.770513	-0.610296	18.398018	0.222394	0.637424	-0.737721	22.239383	0.957440	0.000000	0.288631	95.744048	0.000000	0.000000	0.000000	1.000000
0.155301	-0.844328	-0.512828	15.530066	0.244715	0.535827	-0.808087	24.471468	0.957077	0.000000	0.289834	95.707702	0.000000	0.000000	0.000000	1.000000
0.123917	-0.904827	-0.407348	12.391717	0.263337	0.425779	-0.865659	26.333740	0.956712	0.000000	0.291036	95.671205	0.000000	0.000000	0.000000	1.000000
0.090307	-0.951057	-0.295527	9.030656	0.277935	0.309017	-0.909539	27.793502	0.956346	0.000000	0.292238	95.634557	0.000000	0.000000	0.000000	1.000000
0.054985	-0.982287	-0.179132	5.498512	0.288242	0.187381	-0.939045	28.824210	0.955978	-0.000000	0.293440	95.597758	0.000000	0.000000	0.000000	1.000000
0.018501	-0.998027	-0.060003	1.850065	0.294059	0.062791	-0.953722	29.405940	0.955608	0.000000	0.294641	95.560808	0.000000	0.000000	0.000000	1.000000
-0.018576	-0.998027	0.059980	-1.857604	0.295258	-0.062791	-0.953352	29.525765	0.955237	0.000000	0.295841	95.523706	0.000000	0.000000	0.000000	1.000000
-0.055660	-0.982287	0.178924	-5.566004	0.291780	-0.187381	-0.937951	29.178016	0.954865	0.000000	0.297042	95.486454	0.000000	0.000000	0.000000	1.000000
-0.092162	-0.951057	0.294954	-9.216162	0.283644	-0.309017	-0.907774	28.364430	0.954491	-0.000000	0.298241	95.449052	0.000000	0.000000	0.000000	1.000000
-0.127496	-0.904827	0.406242	-12.749555	0.270942	-0.425779	-0.863309	27.094184	0.954115	0.000000	0.299440	95.411498	0.000000	0.000000	0.000000	1.000000
-0.161091	-0.844328	0.511038	-16.109055	0.253838	-0.535827	-0.805268	25.383809	0.953738	0.000000	0.300639	95.373794	0.000000	0.000000	0.000000	1.000000
-0.192398	-0.770513	0.607694	-19.239845	0.232570	-0.637424	-0.734576	23.256978	0.953359	0.000000	0.301837	95.335939	0.000000	0.000000	0.000000	1.000000
-0.220903	-0.684547	0.694692	-22.090320	0.207442	-0.728969	-0.652359	20.744192	0.952979	0.000000	0.303035	95.297934	0.000000	0.000000	0.000000	1.000000
-0.246129	-0.587785	0.770668	-24.612933	0.178823	-0.809017	-0.559923	17.882342	0.952598	0.000000	0.304233	95.259778	0.000000	0.000000	0.000000	1.000000
-0.267650	-0.481754	0.834432	-26.764983	0.147142	-0.876307	-0.458733	14.714174	0.952215	0.000000	0.305429	95.221472	0.000000	0.000000	0.000000	1.000000
-0.285093	-0.368125	0.884989	-28.509342	0.112876	-0.929776	-0.350392	11.287647	0.951830	-0.000000	0.306626	95.183016	0.000000	0.000000	0.000000	1.000000
-0.298151	-0.248690	0.921553	-29.815084	0.076552	-0.968583	-0.236615	7.655212	0.951444	0.000000	0.307822	95.144409	0.000000	0.000000	0.000000	1.000000
-0.306580	-0.125333	0.943557	-30.658030	0.038730	-0.992115	-0.119199	3.873010	0.951057	-0.000000	0.309017	95.105652	0.000000	0.000000	0.000000	1.000000
-0.310212	0.000000	0.950667	-31.021188	-0.000000	-1.000000	0.000000	-0.000000	0.950667	0.000000	0.310212	95.066744	0.000000	0.000000	0.000000	1.000000
-0.308951	0.125333	0.942784	-30.895075	-0.039030	-0.992115	0.119101	-3.902956	0.950277	0.000000	0.311406	95.027687	0.000000	0.000000	0.000000	1.000000
-0.302779	0.248690	0.920042	-30.277928	-0.077741	-0.968583	0.236227	-7.774051	0.949885	-0.000000	0.312600	94.988479	0.000000	0.000000	0.000000	1.000000
-0.291758	0.368125	0.882815	-29.175791	-0.115515	-0.929776	0.349531	-11.551513	0.949491	0.000000	0.313794	94.949122	0.000000	0.000000	0.000000	1.000000
-0.276025	0.481754	0.831699	-27.602479	-0.151746	-0.876307	0.457231	-15.174591	0.949096	-0.000000	0.314987	94.909614	0.000000	0.000000	0.000000	1.000000
-0.255794	0.587785	0.767514	-25.579414	-0.185845	-0.809017	0.557632	-18.584532	0.948700	0.000000	0.316179	94.869957	0.000000	0.000000	0.000000	1.000000
-0.231353	0.684547	0.691282	-23.135340	-0.217255	-0.728969	0.649157	-21.725530	0.948302	-0.000000	0.317371	94.830150	0.000000	0.000000	0.000000	1.000000
-0.203059	0.770513	0.604215	-20.305924	-0.245456	-0.637424	0.730371	-24.545646	0.947902	-0.000000	0.318562	94.790193	0.000000	0.000000	0.000000	1.000000
-0.171332	0.844328	0.507696	-17.133233	-0.269977	-0.535827	0.800001	-26.997655	0.947501	-0.000000	0.319753	94.750087	0.000000	0.000000	0.000000	1.000000
-0.136651	0.904827	0.403255	-13.665114	-0.290398	-0.425779	0.856960	-29.039846	0.947098	0.000000	0.320944	94.709830	0.000000	0.000000	0.000000	1.000000
-0.099545	0.951057	0.292545	-9.954473	-0.306367	-0.309017	0.900360	-30.636718	0.946694	0.000000	0.322134	94.669425	0.000000	0.000000	0.000000	1.000000
-0.060585	0.982287	0.177317	-6.058467	-0.317596	-0.187381	0.929527	-31.759597	0.946289	0.000000	0.323323	94.628870	0.000000	0.000000	0.000000	1.000000
-0.020376	0.998027	0.059392	-2.037626	-0.323871	-0.062791	0.944015	-32.387145	0.945882	-0.000000	0.324512	94.588165	0.000000	0.000000	0.000000	1.000000
0.020451	0.998027	-0.059367	2.045088	-0.325057	0.062791	0.943607	-32.505748	0.945473	0.000000	0.325700	94.547311	0.000000	0.000000	0.000000	1.000000
0.061253	0.982287	-0.177087	6.125271	-0.321098	0.187381	0.928323	-32.109794	0.945063	0.000000	0.326888	94.506308	0.000000	0.000000	0.000000	1.000000
0.101381	0.951057	-0.291913	10.138087	-0.312018	0.309017	0.898417	-31.201822	0.944652	-0.000000	0.328075	94.465155	0.000000	0.000000	0.000000	1.000000
